41 1375
44 125
41 167
41 84
41 42
44 83
41 42
44 84
44 84
44 42
41 83
41 83
41 42
41 83
44 84
44 42
41 41
44 84
44 84
41 125
41 83
44 83
44 125
41 167
41 83
44 42
44 84
44 42
44 166
41 42
41 125
44 84
41 84
41 41
41 83
41 41
44 125
41 41
41 42
41 42
44 125
44 41
41 42
41 42
41 83
44 42
41 167
44 83
44 84
44 42
41 84
41 42
41 83
44 83
41 83
41 42
44 84
41 83
44 83
44 41
41 42
41 42
41 41
44 41
44 83
41 84
44 41
41 83
44 84
44 42
41 84
41 83
41 83
41 125
44 42
44 83
41 83
41 84
41 41
41 83
44 42
44 42
41 41
44 83
41 84
44 83
41 41
44 84
44 41
41 42
41 42
41 41
41 42
44 84
41 84
41 42
44 41
44 42
41 83
41 84
41 83
41 41
41 84
41 42
41 41
41 83
44 84
44 83
41 83
41 84
44 41
41 83
44 84
41 42
41 41
44 83
41 84
44 83
44 83
41 83
41 41
41 83
41 84
41 84
41 41
44 42
41 83
44 333
41 42
41 125
41 42
41 42
41 41
41 41
41 41
41 42
44 42
41 42
44 42
41 83
44 83
44 42
41 84
41 125
44 42
44 41
44 83
41 42
41 83
44 41
41 42
44 42
41 83
41 83
44 42
44 42
44 41
41 83
41 42
41 41
44 42
44 42
44 83
41 41
41 41
41 42
41 84
41 83
44 83
44 84
41 83
44 41
41 41
44 42
41 42
44 84
41 167
41 41
41 42
41 84
44 84
44 42
41 42
41 83
44 41
41 42
41 42
44 84
41 42
41 41
41 42
41 83
41 83
41 83
41 84
44 83
41 83
41 84
44 83
41 83
41 42
41 41
41 42
44 42
44 41
41 83
41 42
41 42
41 42
41 83
41 84
44 83
44 41
41 167
44 83
44 84
41 83
44 84
41 83
44 83
41 42
41 42
44 42
44 83
41 42
41 41
41 83
41 41
41 83
41 84
41 125
44 84
41 83
41 83
41 42
41 41
41 250
41 83
44 166
41 42
41 83
41 42
44 41
41 42
41 83
44 167
44 41
41 42
41 41
41 83
41 42
44 83
44 42
41 1000
44 250
41 2083
44 208
41 166
41 125
41 167
41 125
41 167
44 166
41 250
41 125
41 125
41 166
41 125
44 166
44 167
41 209
41 166
44 166
41 125
41 167
41 167
44 167
44 166
41 125
41 125
41 167
44 166
41 125
44 208
44 167
41 83
41 167
44 167
41 125
44 167
41 125
41 167
44 167
41 125
44 208
41 167
44 166
41 167
41 209
41 167
44 125
44 167
44 167
41 125
41 125
44 167
41 83
41 125
44 167
44 167
41 167
44 125
44 125
44 83
44 83
41 167
41 209
41 167
41 125
41 167
44 167
41 125
41 166
41 166
44 166
44 125
41 125
44 167
41 125
44 167
41 125
41 209
41 167
44 83
44 125
44 167
44 167
41 125
44 167
41 125
41 125
41 125
41 83
41 166
41 84
41 125
41 83
41 166
44 166
41 167
41 84
41 167
44 167
44 125
44 41
41 209
44 125
41 167
44 167
44 83
41 125
41 83
44 125
41 125
41 167
44 84
44 125
41 125
41 125
44 166
41 125
44 84
41 166
41 166
41 125
41 84
41 125
44 125
44 125
41 167
41 167
41 208
44 125
41 458
44 167
44 166
41 167
41 125
41 125
44 125
44 167
44 167
44 84
41 125
41 125
41 167
41 209
41 167
41 167
41 125
44 167
41 125
41 125
44 125
44 167
44 83
41 125
41 125
44 166
41 83
44 167
41 166
44 125
41 125
44 167
41 166
44 167
41 209
44 125
41 209
41 167
41 125
44 125
41 125
41 83
41 125
44 167
41 167
41 84
41 125
44 167
41 166
44 167
44 83
41 166
41 125
41 83
41 125
44 166
41 208
44 167
44 83
41 83
44 167
41 167
41 166
44 166
41 125
41 125
44 125
41 84
44 125
44 83
41 125
41 83
41 84
41 83
41 125
41 167
41 167
41 125
44 167
41 83
41 166
44 19084
44 208
41 208
41 83
44 83
44 83
41 167
44 167
41 125
44 125
41 125
41 125
41 83
41 125
41 83
41 125
44 167
41 125
41 166
41 167
44 166
44 84
41 125
41 125
44 166
44 125
44 125
44 167
41 167
41 166
41 166
41 84
44 125
41 125
41 125
44 125
41 167
44 167
44 83
41 166
44 83
41 166
44 166
44 166
41 167
41 166
44 125
41 167
41 125
44 125
41 125
41 167
41 166
41 125
41 83
41 125
41 125
44 84
41 84
41 83
41 84
41 84
41 84
41 125
41 166
41 83
41 83
41 83
44 125
41 166
44 167
41 83
41 166
41 83
41 167
41 167
41 84
44 167
44 125
44 125
41 166
41 125
44 167
41 166
41 83
44 167
41 167
41 125
44 125
41 125
44 167
44 166
44 166
41 167
44 250
41 167
41 167
44 125
41 83
41 167
41 83
44 83
44 125
44 83
41 167
41 125
41 125
41 167
41 125
44 125
44 167
44 125
41 84
44 125
41 83
44 125
41 84
44 125
41 83
44 167
44 84
44 125
44 125
44 125
41 125
41 84
44 125
44 83
41 84
41 83
41 83
41 83
41 166
41 84
44 125
41 84
41 83
41 125
44 125
41 83
44 125
41 83
41 125
41 84
41 167
41 83
41 84
44 125
41 83
44 125
44 83
41 125
41 83
41 83
44 125
41 125
41 83
44 125
44 166
44 83
41 125
41 125
41 83
41 84
41 83
41 84
41 125
41 84
41 167
41 83
41 84
41 125
44 84
41 83
41 83
44 125
44 83
44 83
44 83
41 83
41 167
41 125
41 125
44 83
44 125
41 83
41 83
44 125
41 125
44 84
44 83
41 83
41 84
41 125
44 83
41 83
41 167
41 83
44 125
41 125
41 83
44 125
41 125
44 84
41 84
41 125
41 292
44 125
41 83
41 125
41 83
44 83
44 125
41 208
41 83
41 167
44 166
41 167
41 83
41 125
44 125
41 125
41 84
41 125
41 83
44 125
41 83
41 167
41 84
41 292
44 125
41 125
41 125
44 125
41 125
44 83
41 167
44 125
44 125
41 83
41 125
41 125
44 83
41 83
44 125
41 167
41 84
41 166
41 83
44 167
41 83
41 125
41 125
44 167
44 125
44 125
44 167
41 84
44 125
41 83
44 84
41 167
41 83
41 125
41 125
41 125
44 125
44 125
44 84
44 84
41 84
44 83
44 83
44 84
44 83
41 125
41 125
41 125
41 83
44 84
41 125
41 125
44 83
44 125
41 84
44 83
41 125
41 84
41 84
44 250
41 83
41 83
41 125
44 125
41 125
41 84
44 167
44 83
44 83
41 125
41 167
41 84
41 83
41 125
41 625
41 167
41 84
41 125
41 125
44 125
41 83
41 125
41 125
44 125
44 125
41 83
44 84
41 125
41 84
41 41
41 125
41 84
44 125
41 84
44 167
41 83
44 125
41 125
41 42
44 42
41 42
41 84
41 84
41 125
41 125
41 41
41 42
41 125
41 83
41 125
41 125
41 42
44 41
44 83
41 459
41 125
44 83
41 125
44 41
41 83
41 0
44 83
41 42
41 42
44 125
41 42
41 42
41 0
41 42
41 42
44 125
41 83
41 42
41 42
44 125
41 41
41 125
41 42
41 125
41 125
44 125
41 42
44 125
41 83
41 83
41 41
41 42
41 42
41 83
44 84
41 42
41 0
41 125
41 83
41 83
44 125
41 83
41 84
41 42
41 42
44 125
44 42
44 42
41 41
41 42
41 42
41 125
44 83
44 83
44 41
44 83
44 41
41 42
44 42
41 125
41 42
41 84
44 41
41 83
41 42
41 42
41 125
41 84
41 42
41 83
41 42
41 42
41 125
41 125
44 41
44 125
41 83
41 84
41 83
44 0
41 41
41 42
44 125
41 42
41 83
44 83
44 125
41 41
41 42
44 42
41 42
44 41
44 42
41 42
44 125
44 42
41 41
41 42
44 125
41 41
41 42
41 42
41 41
41 0
41 42
41 125
44 83
44 84
44 42
41 41
44 42
44 84
44 83
41 41
41 42
41 125
41 42
41 42
44 41
41 42
41 125
41 42
41 42
44 0
44 41
41 41
44 84
44 0
44 42
44 125
41 42
41 41
41 42
44 42
41 42
41 41
44 84
44 125
41 42
44 42
44 125
41 125
41 83
41 83
44 0
41 42
41 0
44 41
44 83
41 42
41 83
41 125
41 0
44 42
41 0
44 42
44 42
44 41
44 83
41 0
41 84
44 125
44 42
44 41
41 0
41 41
44 42
41 42
41 125
44 42
41 83
41 42
44 83
41 125
44 42
44 42
44 42
41 125
44 125
41 42
44 42
41 41
41 42
41 0
41 42
41 42
41 125
41 83
41 125
41 41
41 42
