20 17041
19 1125
21 750
21 541
17 375
21 584
17 375
17 417
18 417
18 375
21 500
18 8625
18 375
18 208
21 375
18 208
17 208
19 209
20 292
17 208
18 208
21 209
19 208
21 208
19 208
17 209
17 167
19 166
21 208
21 209
20 208
18 209
21 250
17 167
20 291
21 166
18 250
18 208
17 167
18 250
21 208
19 167
17 208
21 208
19 209
18 208
20 208
21 209
21 208
17 167
20 250
21 166
21 250
20 250
18 208
21 250
17 208
21 166
18 167
18 208
20 208
21 208
21 166
21 167
18 250
17 208
20 250
17 166
17 250
18 208
21 209
21 208
21 167
18 250
20 208
21 208
21 166
20 167
20 167
18 208
19 209
21 208
21 291
17 208
21 167
21 209
21 208
17 208
19 209
18 208
17 208
21 250
21 167
18 167
21 208
21 208
19 209
21 208
21 208
20 209
